[Project1] 3428 1588109598.762695193 1588109599.625360810
[Project1] 3429 1588109600.454441886 1588109601.304468237
[Project1] 3430 1588109602.137365999 1588109602.980096093
[Project1] 3431 1588109603.813616729 1588109604.658970907
[Project1] 3432 1588109605.491980655 1588109606.343711866
[Project1] 3433 1588109607.174705382 1588109608.052426374
[Project1] 3434 1588109608.922942669 1588109609.796099983
[Project1] 3435 1588109610.673507500 1588109611.516661250
[Project1] 3436 1588109612.353223776 1588109613.195403805
[Project1] 3437 1588109614.029247505 1588109614.876788813
